2 1000000 1000 0.050000 465402 1071 3307855 153025 
2 1000000 1000 0.100000 457496 1065 3399266 149904 
2 1000000 1000 0.150000 457799 1079 3443632 153518 
2 1000000 1000 0.200000 459115 1083 3467327 157624 
2 1000000 1000 0.250000 461171 1082 3490459 162791 
2 1000000 1000 0.300000 467143 1077 3630113 207376 
2 1000000 1000 0.350000 462412 1088 3529331 170552 
2 1000000 1000 0.400000 464253 1086 3550770 173458 
2 1000000 1000 0.450000 465297 1083 3820164 229662 
2 1000000 1000 0.500000 466755 1082 3904484 238908 
2 1000000 1000 0.550000 469536 1079 3928712 249602 
2 1000000 1000 0.600000 473543 1082 3972939 260332 
2 1000000 1000 0.650000 475714 1085 4007887 268640 
2 1000000 1000 0.700000 476136 1083 4072803 275933 
2 1000000 1000 0.750000 475838 1075 4146564 281845 
2 1000000 1000 0.800000 474233 1083 4202141 287271 
2 1000000 1000 0.850000 476355 1084 4230410 295937 
2 1000000 1000 0.900000 474156 1082 4317484 302325 
2 1000000 1000 0.950000 478492 1085 4436021 316295 
