0 50000000 1000 -1 25706975 60191 4443866 0 
1 50000000 1000 -1 25722456 90894 4447506 0 
2 50000000 1000 0.200000 26885563 67125 1754460 9194380 
2 50000000 1000 0.400000 27137744 66334 1865241 13199197 
2 50000000 1000 0.600000 27431376 66040 2062848 15165053 
2 50000000 1000 0.800000 27578083 66138 2118991 16543252 
0 50000000 10000 -1 21193188 64850 110712333 0 
1 50000000 10000 -1 21208040 105996 111332256 0 
2 50000000 10000 0.200000 21843516 78257 32472556 7795422 
2 50000000 10000 0.400000 21891602 78873 36306479 11311217 
2 50000000 10000 0.600000 22129013 79956 39649037 12876534 
2 50000000 10000 0.800000 22323755 80501 41933019 14051655 
0 50000000 100000 -1 15287754 60440 1330102449 0 
1 50000000 100000 -1 15357133 111652 1328869401 0 
2 50000000 100000 0.200000 16008934 74993 451720806 6622108 
2 50000000 100000 0.400000 16035581 74090 492543627 9256730 
2 50000000 100000 0.600000 16149692 74062 511371709 10263568 
2 50000000 100000 0.800000 16292361 74669 545105968 11153301 
