0 5000000 1000 -1 2496116 5930 9859336 0 
1 5000000 1000 -1 2497412 8887 9871377 0 
2 5000000 1000 0.200000 2615870 6471 2980238 894326 
2 5000000 1000 0.400000 2642974 6449 3204360 1279763 
2 5000000 1000 0.600000 2675200 6445 3347291 1477140 
2 5000000 1000 0.800000 2688327 6453 3449011 1611631 
0 5000000 10000 -1 2035086 7251 121851771 0 
1 5000000 10000 -1 2035731 10213 122403551 0 
2 5000000 10000 0.200000 2102250 7272 40057928 753260 
2 5000000 10000 0.400000 2107960 7240 44164491 1087622 
2 5000000 10000 0.600000 2136386 7300 47093173 1244206 
2 5000000 10000 0.800000 2157863 7368 49804396 1360433 
0 5000000 100000 -1 1473014 5953 1303927214 0 
1 5000000 100000 -1 1483269 9083 1301185927 0 
2 5000000 100000 0.200000 1558868 6318 424919483 644456 
2 5000000 100000 0.400000 1574366 6220 450164153 903234 
2 5000000 100000 0.600000 1592323 6168 458002641 1007857 
2 5000000 100000 0.800000 1615638 6163 475369364 1101601 
