0 1000000 1000 -1 433463 1013 10634239 0 
1 1000000 1000 -1 433463 1628 10642268 0 
2 1000000 1000 0.200000 459115 1172 3467327 157625 
2 1000000 1000 0.400000 466188 1171 3728442 221622 
2 1000000 1000 0.600000 473543 1175 3972939 260333 
2 1000000 1000 0.800000 476161 1182 4132901 285311 
0 1000000 10000 -1 332764 1205 122828110 0 
1 1000000 10000 -1 332173 1762 123452092 0 
2 1000000 10000 0.200000 347297 1233 38105386 127408 
2 1000000 10000 0.400000 350304 1221 42698090 180205 
2 1000000 10000 0.600000 359071 1228 46773871 210876 
2 1000000 10000 0.800000 364140 1230 49765392 231811 
0 1000000 100000 -1 246401 1149 1147505820 0 
1 1000000 100000 -1 250834 1326 1140073642 0 
2 1000000 100000 0.200000 273520 1008 280681273 113686 
2 1000000 100000 0.400000 281477 979 263014761 157373 
2 1000000 100000 0.600000 289280 972 262580955 180202 
2 1000000 100000 0.800000 297398 967 258223761 200615 
