0 10000000 1000 -1 5036497 12013 8978236 0 
1 10000000 1000 -1 5039275 18139 8989000 0 
2 10000000 1000 0.200000 5274983 13099 2703997 1818110 
2 10000000 1000 0.400000 5327252 13061 2871627 2597080 
2 10000000 1000 0.600000 5386404 13137 3039788 2985326 
2 10000000 1000 0.800000 5415739 13090 3092577 3255437 
0 10000000 10000 -1 4127261 14269 121087799 0 
1 10000000 10000 -1 4129761 20768 121670393 0 
2 10000000 10000 0.200000 4261044 14992 39205728 1536690 
2 10000000 10000 0.400000 4272431 14984 43365268 2217442 
2 10000000 10000 0.600000 4322604 14993 46283754 2525184 
2 10000000 10000 0.800000 4363474 15156 48967091 2756152 
0 10000000 100000 -1 2984065 12035 1333111014 0 
1 10000000 100000 -1 2999527 19790 1331040176 0 
2 10000000 100000 0.200000 3140986 13339 443282371 1310958 
2 10000000 100000 0.400000 3157799 13251 479075803 1826343 
2 10000000 100000 0.600000 3187081 13093 494881602 2028575 
2 10000000 100000 0.800000 3222613 13150 520951470 2208092 
